18
14
6		9    37		49  18	49	
54		12   41		46  20  46
106		7    40		51  20  51
156		4    44		54  22  54
205		8	 41		50  20  50
253		8    42		50  21  50
301		6	 44		52  22  52
301		6	 44		52  22  52
253		8    42		50  21  50
205		8	 41		50  20  50
156		4    44		54  22  54
106		7    40		51  20  51
54		12   41		46  20  46
6		9    37		49  18  49
11
120		1220	41		52	20	52
171		1216	40		56	20	56
220		1216	52		56	26	56
279		1219	45		53	22	53
334		1215	42		57	21	57
386		1221	40		51	20	51
440		1219	35		53	17	53
488		1216	49		56	24	56
547		1215	55		57	27	57
611		1219	55		54	27	54
679		1218	44		56	22	56
5 
5		337		45		50  22  50
54		326		51		61  25  61
115		314		44		73  22	73
171		319		81		68  23	68
260		335		51		52  25	52
6
7	235		43	55		21	55
57	232		41	58		20	58
109	233		37	57		18	57
163	231		46	59		23	59
221	233		36	57		18	57
268	239		38	51		19	51
10
11	1362	29	85		14.5  85.0
53	1361	28	88		14.0  88.0
94	1374	28	73		14.0  73.0
133	1377	41	61		20.5  61.0
186	1363	30	75		15.0  75.0
231	1358	28	85		14.0  85.0
274	1367	27	78		13.5  78.0
314	1377	32	62		16.0  62.0
356	1377	42	61		21.0  61.0
406	1362	27	80		16.5  80.0
10
7 1564		49 88		28.0 88.0
65 1564		47 87		25.0 87.0
123 1564	41 88		20.0 88.0
181 1563	40 88		24.0 88.0
236 1562	38 88		27.0 88.0
236 1562	38 88		27.0 88.0
181 1563	40 88		24.0 88.0
123 1564	41 88		20.0 88.0
65 1564		47 87		25.0 87.0
7 1564		49 88		28.0 88.0
7
15 1769		48 87		31.0 87.0
81 1769		52 89		29.0 89.0
146 1772	61 90		11.0 90.0
222 1773	78 90		34.0 90.0
327 1773	55 89		27.0 89.0
403 1775	72 89		30.0 89.0
499 1775	48 87		29.0 87.0
5
13  1666	37 87		22.0 87.0
65  1666	41 87		25.0 87.0
125 1665	51 88		30.0 88.0
192 1664	31 89		17.0 89.0
236 1664	57 89		29.0 89.0
5
8	846		59 42		30.0 42.0
75	828		52 61		30.0 61.0
137 829		54 60		30.0 60.0
203 824		54 68		24.0 68.0
269 820		51 73		21.0 73.0
4
66	683		45	75		19.0 75.0
124	686		57	56		25.0 56.0
199	698		58	41		20.0 41.0
273	696		60	46		20.0 46.0
5
19  1005    49  54		22.0 54.0
77  1007    43  51		23.0 51.0
132 1008    38  52		22.0 52.0
185 1008    52  52		22.0 52.0
253 1012    40  51		22.0 51.0
6
13  1077    52  53		22.0 53.0
75  1075    50  51		23.0 51.0
140 1067    46  65		22.0 65.0
199 1078    51  55		26.0 55.0
266 1070    82  59		23.0 59.0
361 1087    58  54		23.0 54.0
5
336 829		38  65		14.0 65.0
390 818		35  78		19.0 78.0
448 808		34  92		16.0 92.0
504 810		34  92		13.0 92.0
564 812		34  92		13.0 92.0
9
10 1870		34 73		17.0 73.0
65 1873		25 77		13.0 77.0
100 1874	36 71		17.0 71.0
144 1874	48 64		23.0 64.0
204 1875	59 54		30.0 54.0
281 1876	59 41		29.0 41.0
354 1869	52 54		23.0 54.0
422 1871	47 67		21.0 67.0
482 1866	45 75		17.0 75.0
8
3	2565	43 61		23.0 61.0
60  2566	48 58		25.0 58.0
123 2566	35 56		16.0 56.0
166 2565	40 60		20.0 60.0
215 2567	35 59		16.0 59.0
263 2564	37 62		19.0 62.0
310 2565	47 58		25.0 58.0
372 2564	37 60		18.0 60.0
5
9 2111		52 38		29.0 38.0
68 2110		52 39		30.0 39.0
129 2110	52 39		30.0 39.0
190 2111	52 38		31.0 38.0
333 2107	55 42		32.0 42.0
7
9   640     46 32		20.0 32.0
64  642     45 30		23.0 30.0
115 640     70 32		23.0 32.0
193 639     92 33		23.0 33.0
298 640     84 32		22.0 32.0
392 640		70 32		22.0 32.0
475 642		45 30		23.0 30.0
5
9 571		37 44       24.0 44.0
58 567		37 48       22.0 48.0
107 571		50 48       23.0 48.0
164 578		82 37       32.0 37.0
256 579     57 37       31.0 37.0



CrouchAttack
9   640     46 32		20.0 32.0
64  642     45 30		23.0 30.0
115 640     70 32		23.0 32.0
193 639     92 33		23.0 33.0
298 640     84 32		22.0 32.0
392 640		70 32		22.0 32.0
475 642		45 30		23.0 30.0

  CrouchAttack Aladdin_trans.png 1121 2718
    <sprite x="9" y="640" w="46" h="32" oX="46" oY="671" oW="673" oH="513" />
    <sprite x="64" y="642" w="45" h="30" oX="101" oY="671" oW="673" oH="513" />
    <sprite x="115" y="640" w="70" h="32" oX="152" oY="671" oW="673" oH="513" />
    <sprite x="193" y="639" w="92" h="33" oX="231" oY="671" oW="673" oH="513" />
    <sprite x="298" y="640" w="84" h="32" oX="335" oY="671" oW="673" oH="513" />
    <sprite x="392" y="640" w="70" h="32" oX="429" oY="671" oW="673" oH="513" />
    <sprite x="475" y="642" w="45" h="30" oX="521" oY="671" oW="673" oH="513" />

#save it

7 1564		49 88		33.0 88.0
65 1564		47 87		29.0 87.0
123 1564	41 88		21.0 88.0
181 1563	40 88		23.0 88.0
236 1562	38 88		22.0 88.0
236 1562	38 88		22.0 88.0
181 1563	40 88		23.0 88.0
123 1564	41 88		21.0 88.0
65 1564		47 87		29.0 87.0
7 1564		49 88		33.0 88.0




#### idle jump
8	846		59 42		30.0 42.0
75	828		52 61		30.0 61.0
137 829		54 60		30.0 60.0
203 824		54 68		24.0 68.0
269 820		51 73		21.0 73.0

#### RunJump
5
10	705		41	41		31.0 41.0
66	683		45	75		19.0 75.0
124	686		57	56		25.0 56.0
199	600		58	41		20.0 41.0
273	696		60	46		20.0 46.0

#### JumpThrow
5
19  1005    49  54		22.0 54.0
77  1007    43  51		23.0 51.0
132 1008    38  52		22.0 52.0
185 1008    52  52		22.0 52.0
253 1012    40  51		22.0 51.0

#### JumpAttack
6
13  1077    52  53		22 53
75  1075    50  51		23 51
140 1067    46  65		22 65
199 1078    51  55		26 55
266 1070    82  59		23 59
361 1087    58  54		23 54

#### Fall
5
336 829		38  65		14 65
390 818		35  78		19 78
448 808		34  92		16 92
504 810		34  92		13 92
564 812		34  92		13 92







#Idle on Bar/Rope
7 1564		49 88		33.0 88.0
65 1564		47 87		29.0 87.0
123 1564	41 88		21.0 88.0
181 1563	40 88		23.0 88.0
236 1562	38 88		22.0 88.0

#Throw on Bar/Rope
13 1666		37 87		22.0 87.0
65 1666		41 87		25.0 87.0
125 1665	51 88		30.0 88.0
192 1664	31 89		17.0 89.0
236 1664	57 89		29.0 89.0
	
#Attack on Bar/Rope
15 1769		48 87		31.0 87.0
81 1769		52 89		29.0 89.0
146 1772	61 90		11.0 90.0
222 1773	78 90		34.0 90.0
327 1773	55 89		27.0 89.0
403 1775	72 89		30.0 89.0
499 1775	48 87		29.0 87.0


#Fall from Bar/Rope
10 1870		34 73		17.0 73.0
65 1873		25 77		13.0 77.0
100 1874	36 71		17.0 71.0
144 1874	48 64		23.0 64.0
204 1875	59 54		30.0 54.0
281 1876	59 41		29.0 41.0
354 1869	52 54		23.0 54.0
422 1871	47 67		21.0 67.0
482 1866	45 75		17.0 75.0


#Crouch
9 2111		52 38		29.0 38.0
68 2110		52 39		30.0 39.0
129 2110	52 39		30.0 39.0
190 2111	52 38		31.0 38.0
259 2126	63 22		40.0 22.0
333 2107	55 42		32.0 42.0

# Win
3 2565		43 61		23.0 61.0
60 2566		48 58		25.0 58.0
123 2566	35 56		16.0 56.0
166 2565	40 60		20.0 60.0
215 2567	35 59		16.0 59.0
263 2564	37 62		19.0 62.0
310 2565	47 58		25.0 58.0
372 2564	37 60		18.0 60.0

# Bar Climb
10  1467	40 78		14.0 78.0
57  1469	54 72		17.0 72.0
120 1470	52 77		20.0 77.0
191 1470	44 80		21.0 80.0
258 1468	36 83		22.0 83.0
311 1468	43 83		17.0 83.0
366 1471	50 77		15.0 77.0
430 1473	57 80		26.5 80.0
517 1471	47 81		21.5 81.0
586 1473	34 78		24.0 78.0


1
7						   //original idle
6		9    37		49
54		12   41		46
106		7    40		51
156		4    44		54
205		8	 41		50
253		8    42		50
301		6	 44		52

5							//original jump
10		705		41		41
66		683		45		75
124		686		57		56
199		600		58		41
273		696		60		46

20							//original Spring
12      1154    49		53
76      1162    37		31
135     1160    35		33
190     1160    38		39
252     1165    38		30
306     1158    37		37
362     1161    38		34
76      1162    37		31
135     1160    35		33
190     1160    38		39
252     1165    38		30
306     1158    37		37
362     1161    38		34
76      1162    37		31
135     1160    35		33
190     1160    38		39
252     1165    38		30
306     1158    37		37
362     1161    38		34
417		1156	42		41
