4
7
2   727		37 43		18.0 43.0
45  721		40 49		15.0 49.0
94  725		34 45		15.0 45.0
143 727		37 43		16.0 43.0
187 725		54 45		21.0 45.0
247 719		52 51		23.0 51.0
308 722		40 48		21.0 48.0
8
7   784		36 51		20.0 51.0
52  786		34 49		19.0 49.0
93  789		36 46		22.0 46.0
133 781		38 54		25.0 54.0
178 776		43 59		27.0 59.0
233 781		38 54		22.0 54.0
281 788		36 47		19.0 47.0
323 785		33 50		18.0 50.0
5
2   842		55 57		22.0 57.0
68  844		36 55		23.0 55.0
115 850		60 49		47.0 49.0
182 856		45 43		33.0 43.0
236 848		32 51		21.0 51.0
7
4   919		54 51		24.0 51.0
63  920		55 50		24.0 50.0
124 921		55 49		24.0 49.0
185 921		55 49		26.0 49.0
246 923		65 47		35.0 47.0
322 906		68 64		49.0 64.0
399 910		68 60		49.0 60.0









#Fat
#Eat
2   727		37 43		18.0 43.0
45  721		40 49		15.0 49.0
94  725		34 45		15.0 45.0
143 727		37 43		16.0 43.0
187 725		54 45		21.0 45.0
247 719		52 51		23.0 51.0
308 722		40 48		21.0 48.0

# Walk
7   784		36 51		20.0 51.0
52  786		34 49		19.0 49.0
93  789		36 46		22.0 46.0
133 781		38 54		25.0 54.0
178 776		43 59		27.0 59.0
233 781		38 54		22.0 54.0
281 788		36 47		19.0 47.0
323 785		33 50		18.0 50.0

#Attack
2   842		55 57		22.0 57.0
68  844		36 55		23.0 55.0
115 850		60 49		47.0 49.0
182 856		45 43		33.0 43.0
236 848		32 51		21.0 51.0

Injured
4   919		54 51		24.0 51.0
63  920		55 50		24.0 50.0
124 921		55 49		24.0 49.0
185 921		55 49		26.0 49.0
246 923		65 47		35.0 47.0
322 906		68 64		49.0 64.0
399 910		68 60		49.0 60.0
