4
17
5   317	  44 52	  25.0 52.0
56  316	  36 53	  17.0 53.0
98  317	  53 52	  34.5 52.0
157 317	  57 52	  38.5 52.0
221 317	  48 52	  29.0 52.0
221 317	  48 52	  29.0 52.0
278 317	  43 52   24.5 52.0
278 317	  43 52   24.5 52.0
221 317	  48 52	  29.0 52.0
278 317	  43 52   24.5 52.0
278 317	  43 52   24.5 52.0
221 317	  48 52	  29.0 52.0
221 317	  48 52	  29.0 52.0
157 317	  57 52	  38.5 52.0
98  317	  53 52	  34.5 52.0
56  316	  36 53	  17.0 53.0
5   317	  44 52	  25.0 52.0
8
2   255     47 51		36.0 51.0
55  253     51 53		35.0 53.0
111 252     56 54		38.0 54.0
173 253     51 53		38.0 53.0
230 255     49 51		37.0 51.0
284 254     41 52		33.0 52.0
334 251     43 55		32.0 55.0
382 253		46 53		34.0 53.0
5
6   447		43  59		17.0 59.0
61  434		43  72		14.0 72.0
116 441		51  65		14.0 65.0
178 451		114 55		81.0 55.0
300 434 	91  72		62.0 72.0
6
6   538		53 47		37.0 47.0
71  515 	63 70		30.0 70.0
138 529 	65 56		31.0 56.0
210 520 	71 65		32.5 65.0
290 522 	74 63		34.0 63.0
382 530 	66 55		33.5 55.0







#Muscle
#Idle
13
5   317	  44 52	  25.0 52.0
56  316	  36 53	  17.0 53.0
98  317	  53 52	  34.5 52.0
157 317	  57 52	  38.5 52.0
221 317	  48 52	  29.0 52.0
221 317	  48 52	  29.0 52.0
278 317	  43 52   24.5 52.0
278 317	  43 52   24.5 52.0
221 317	  48 52	  29.0 52.0
278 317	  43 52   24.5 52.0
278 317	  43 52   24.5 52.0
221 317	  48 52	  29.0 52.0
221 317	  48 52	  29.0 52.0
157 317	  57 52	  38.5 52.0
98  317	  53 52	  34.5 52.0
56  316	  36 53	  17.0 53.0
5   317	  44 52	  25.0 52.0

# Walk
2   255     47 51		36.0 51.0
55  253     51 53		35.0 53.0
111 252     56 54		38.0 54.0
173 253     51 53		38.0 53.0
230 255     49 51		37.0 51.0
284 254     41 52		33.0 52.0
334 251     43 55		32.0 55.0
382 253		46 53		34.0 53.0

#Attack
5
6   447		43  59		17.0 59.0
61  434		43  72		14.0 72.0
116 441		51  65		14.0 65.0
178 451		114 55		81.0 55.0
300 434 	91  72		62.0 72.0

#Damage/Hit
6
6   538		53 47		37.0 47.0
71  515 	63 70		30.0 70.0
138 529 	65 56		31.0 56.0
210 520 	71 65		32.5 65.0
290 522 	74 63		34.0 63.0
382 530 	66 55		33.5 55.0
